 10346|1| 
 10900|1| 
 11726|1| 
 11838|1| 
 12115|1| 
 12129|1| 
 12178|1| 
 12188|1| 
 12193|1| 
 12219|1| 
 12478|1| 
 12648|1| 
 12672|1| 
 12794|1| 
 13543|1| 
 13761|1| 
 13976|1| 
 14231|1| 
 14280|1| 
 14820|1| 
 14896|1| 
 15074|1| 
 15152|1| 
 16341|1| 
 16488|1| 
 16641|1| 
 16727|1| 
 16906|1| 
 17018|1| 
 17198|1| 
 17246|1| 
 17299|1| 
 17834|1| 
 18142|1| 
 18179|1| 
 18297|1| 
 18520|1| 
 18722|1| 
 18878|1| 
  1904|1| 
 19206|1| 
 19420|1| 
 19788|1| 
 19873|1| 
 19973|1| 
 19996|1| 
 20067|1| 
 20129|1| 
 20342|1| 
 20412|1| 
 20808|1| 
  2085|1| 
 21027|1| 
 21226|1| 
 21317|1| 
 21338|1| 
 21356|1| 
  2136|1| 
 21432|1| 
 21523|1| 
 22793|1| 
 22795|1| 
 23693|1| 
 23772|1| 
 23773|1| 
 24035|1| 
 24209|1| 
 24218|1| 
 24326|1| 
 24794|1| 
 24809|1| 
 24818|1| 
  2725|1| 
  2729|1| 
  2968|1| 
  3067|1| 
  3779|1| 
  3784|1| 
  3812|1| 
  5176|1| 
  5185|1| 
  5195|1| 
  7763|1| 
  8808|1| 
  9987|1| 
 10030|5| 
 10032|5| 
 10033|5| 
 10056|5| 
 10169|5| 
 10185|5| 
 10253|5| 
 10261|5| 
 10306|5| 
 10411|5| 
  1059|5| 
 10728|5| 
 11014|5| 
  1102|5| 
 11086|5| 
  1110|5| 
 11145|5| 
 11307|5| 
 11446|5| 
 11489|5| 
 11733|5| 
 11804|5| 
 11861|5| 
 11878|5| 
 11890|5| 
 12066|5| 
 12221|5| 
 12351|5| 
 12516|5| 
 12696|5| 
 12699|5| 
 12706|5| 
 12723|5| 
 12735|5| 
 12799|5| 
   128|5| 
 12820|5| 
 12836|5| 
 13033|5| 
 13066|5| 
 13095|5| 
 13110|5| 
 13113|5| 
 13146|5| 
 13159|5| 
 13179|5| 
 13356|5| 
 13411|5| 
 13445|5| 
 13455|5| 
 13461|5| 
 13488|5| 
   135|5| 
 13529|5| 
 13580|5| 
 13621|5| 
 13631|5| 
 13716|5| 
 13773|5| 
 13826|5| 
 13850|5| 
 13864|5| 
 13866|5| 
 13926|5| 
 13943|5| 
 13999|5| 
 14014|5| 
 14060|5| 
 14152|5| 
 14163|5| 
  1429|5| 
 14312|5| 
  1433|5| 
 14355|5| 
 14404|5| 
 14447|5| 
 14472|5| 
 14593|5| 
 14704|5| 
 14776|5| 
 14895|5| 
 14972|5| 
 14999|5| 
 15088|5| 
 15114|5| 
 15176|5| 
   152|5| 
 15286|5| 
 15320|5| 
 15329|5| 
 15338|5| 
 15372|5| 
 15418|5| 
 15426|5| 
 15427|5| 
 15429|5| 
 15430|5| 
  1544|5| 
  1548|5| 
   155|5| 
 15563|5| 
  1574|5| 
 16001|5| 
 16079|5| 
 16091|5| 
 16256|5| 
 16340|5| 
 16466|5| 
   165|5| 
 16586|5| 
 16636|5| 
  1702|5| 
 17271|5| 
 17312|5| 
 17499|5| 
 17501|5| 
 17526|5| 
 17552|5| 
 17559|5| 
 17599|5| 
 17628|5| 
 17689|5| 
 17696|5| 
 17806|5| 
 17872|5| 
 17893|5| 
 17980|5| 
 18113|5| 
 18160|5| 
 18282|5| 
 18401|5| 
  1869|5| 
 18782|5| 
 18821|5| 
 18959|5| 
 18974|5| 
 19122|5| 
 19379|5| 
 19527|5| 
 19556|5| 
 19557|5| 
 19565|5| 
 19698|5| 
 19785|5| 
 19815|5| 
 19915|5| 
 19982|5| 
 20297|5| 
 20398|5| 
 20463|5| 
 20467|5| 
 20478|5| 
 20577|5| 
 20580|5| 
 20606|5| 
 20663|5| 
 20668|5| 
 20740|5| 
 20974|5| 
 21023|5| 
 21051|5| 
 21073|5| 
 21105|5| 
 21160|5| 
  2133|5| 
 21405|5| 
 21437|5| 
 21569|5| 
 21571|5| 
 21578|5| 
 21645|5| 
 21699|5| 
 21728|5| 
 21745|5| 
 21785|5| 
 21811|5| 
 21907|5| 
 21977|5| 
  2202|5| 
 22051|5| 
 22106|5| 
 22162|5| 
 22187|5| 
 22190|5| 
 22433|5| 
 22454|5| 
 22476|5| 
 22487|5| 
 22493|5| 
 22592|5| 
  2281|5| 
 22868|5| 
 22880|5| 
 22911|5| 
 22927|5| 
 23047|5| 
 23130|5| 
 23151|5| 
 23248|5| 
 23366|5| 
 23480|5| 
 23609|5| 
 23650|5| 
 23738|5| 
 23888|5| 
 24150|5| 
 24164|5| 
  2418|5| 
  2424|5| 
 24582|5| 
 24646|5| 
 24696|5| 
 24750|5| 
  2480|5| 
  2633|5| 
  2674|5| 
  2757|5| 
  2828|5| 
  2836|5| 
  2910|5| 
  2914|5| 
  3091|5| 
  3101|5| 
   327|5| 
  3427|5| 
  3648|5| 
  3964|5| 
  3995|5| 
  4014|5| 
  4148|5| 
  4247|5| 
  4255|5| 
  4263|5| 
  4284|5| 
  4324|5| 
  4412|5| 
  4428|5| 
  4464|5| 
   447|5| 
  4516|5| 
  4656|5| 
  4735|5| 
   480|5| 
  4816|5| 
   482|5| 
    50|5| 
  5004|5| 
   517|5| 
  5282|5| 
  5301|5| 
  5425|5| 
  5462|5| 
   547|5| 
  5480|5| 
  5597|5| 
  5607|5| 
  5649|5| 
  5659|5| 
  5786|5| 
  5922|5| 
   595|5| 
   599|5| 
  6070|5| 
   610|5| 
  6173|5| 
  6208|5| 
  6222|5| 
  6300|5| 
  6354|5| 
  6387|5| 
  6388|5| 
  6435|5| 
  6437|5| 
  6438|5| 
  6482|5| 
   650|5| 
  6533|5| 
  6555|5| 
   657|5| 
  6602|5| 
   661|5| 
  6660|5| 
  6747|5| 
  6805|5| 
  6813|5| 
  6848|5| 
  6857|5| 
  6860|5| 
  6920|5| 
  6940|5| 
  6983|5| 
  6994|5| 
  7000|5| 
  7071|5| 
  7095|5| 
  7097|5| 
  7121|5| 
  7149|5| 
  7209|5| 
  7254|5| 
  7328|5| 
  7386|5| 
  7396|5| 
  7518|5| 
  7524|5| 
    77|5| 
  7885|5| 
   794|5| 
  8022|5| 
  8083|5| 
  8105|5| 
  8191|5| 
  8231|5| 
  8389|5| 
   839|5| 
  8703|5| 
  8753|5| 
  8900|5| 
   892|5| 
  9000|5| 
  9035|5| 
   923|5| 
  9250|5| 
  9311|5| 
  9411|5| 
  9462|5| 
  9488|5| 
   949|5| 
  9542|5| 
  9578|5| 
   963|5| 
  9636|5| 
  9664|5| 
  9807|5| 
  9902|5| 
  9931|5| 
